Como o senhor não disse especificamente qual execução imprimir tomei a liberdade de fazer com 5, 6 e 7 argolas, para ficar bem vísivel o funcionamento do programa e não gerar exemplos extraordinariamente grandes.

5 argolas(Inserção):

00000
00001
00011
00010
00110
00111
00101
00100
01100
01101
01111
01110
01010
01011
01001
01000
11000
11001
11011
11010
11110
11111

Total de movimentos: 21

5 argolas(Retirada):

11111
11110
11010
11011
11001
11000
01000
01001
01011
01010
01110
01111
01101
01100
00100
00101
00111
00110
00010
00011
00001
00000

Total de movimentos: 21

6 argolas(Inserção):

000000
000001
000011
000010
000110
000111
000101
000100
001100
001101
001111
001110
001010
001011
001001
001000
011000
011001
011011
011010
011110
011111
011101
011100
010100
010101
010111
010110
010010
010011
010001
010000
110000
110001
110011
110010
110110
110111
110101
110100
111100
111101
111111

Total de movimentos: 42

6 argolas(Retirada):

111111
111101
111100
110100
110101
110111
110110
110010
110011
110001
110000
010000
010001
010011
010010
010110
010111
010101
010100
011100
011101
011111
011110
011010
011011
011001
011000
001000
001001
001011
001010
001110
001111
001101
001100
000100
000101
000111
000110
000010
000011
000001
000000

Total de movimentos: 42

7 argolas(Inserção):

0000000
0000001
0000011
0000010
0000110
0000111
0000101
0000100
0001100
0001101
0001111
0001110
0001010
0001011
0001001
0001000
0011000
0011001
0011011
0011010
0011110
0011111
0011101
0011100
0010100
0010101
0010111
0010110
0010010
0010011
0010001
0010000
0110000
0110001
0110011
0110010
0110110
0110111
0110101
0110100
0111100
0111101
0111111
0111110
0111010
0111011
0111001
0111000
0101000
0101001
0101011
0101010
0101110
0101111
0101101
0101100
0100100
0100101
0100111
0100110
0100010
0100011
0100001
0100000
1100000
1100001
1100011
1100010
1100110
1100111
1100101
1100100
1101100
1101101
1101111
1101110
1101010
1101011
1101001
1101000
1111000
1111001
1111011
1111010
1111110
1111111

Total de movimentos: 85

7 argolas(Retirada):

1111111
1111110
1111010
1111011
1111001
1111000
1101000
1101001
1101011
1101010
1101110
1101111
1101101
1101100
1100100
1100101
1100111
1100110
1100010
1100011
1100001
1100000
0100000
0100001
0100011
0100010
0100110
0100111
0100101
0100100
0101100
0101101
0101111
0101110
0101010
0101011
0101001
0101000
0111000
0111001
0111011
0111010
0111110
0111111
0111101
0111100
0110100
0110101
0110111
0110110
0110010
0110011
0110001
0110000
0010000
0010001
0010011
0010010
0010110
0010111
0010101
0010100
0011100
0011101
0011111
0011110
0011010
0011011
0011001
0011000
0001000
0001001
0001011
0001010
0001110
0001111
0001101
0001100
0000100
0000101
0000111
0000110
0000010
0000011
0000001
0000000

Total de movimentos: 85